2 1 16 
2 0 2 
3 1 3 18 
2 2 4 
3 3 5 20 
2 4 6 
2 5 22 
0
0
2 10 25 
2 9 11 
3 10 12 27 
2 11 13 
2 12 29 
0
1 31 
2 0 32 
0
2 2 34 
0
2 4 36 
0
2 6 38 
0
2 25 40 
2 9 24 
0
2 11 43 
0
2 13 45 
0
2 15 47 
2 16 48 
0
2 18 50 
0
2 20 52 
0
2 22 54 
0
2 24 56 
0
2 43 58 
3 42 27 44 
3 43 60 45 
2 29 44 
0
2 31 63 
3 32 49 64 
2 48 50 
3 49 34 51 
2 50 52 
3 51 36 53 
3 52 54 69 
3 53 38 55 
3 54 71 56 
3 55 40 57 
2 56 58 
3 57 42 74 
0
2 44 76 
0
0
2 47 79 
2 48 80 
0
0
0
0
2 53 85 
0
2 55 87 
0
0
2 58 90 
0
3 60 77 92 
1 76 
0
2 63 95 
3 64 81 96 
2 80 82 
3 81 98 83 
2 82 84 
2 83 85 
3 84 69 101 
0
2 71 103 
0
0
2 74 106 
0
2 76 108 
0
0
2 79 111 
2 80 112 
0
2 82 114 
0
0
2 85 117 
0
2 87 104 
3 103 105 120 
2 104 106 
3 105 107 90 
3 106 108 123 
4 107 109 92 124 
1 108 
0
2 95 127 
2 96 128
0
2 98 130 
0
0
2 101 133 
0
0
2 104 136 
0
0
2 107 124 
3 108 123 140 
0
0
2 111 143 
1 112 
0
2 114 131 
2 130 132 
2 131 133 
3 132 117 134 
2 133 135 
2 134 136 
2 120 135 
0
0
0
2 124 141 
2 140 142 
2 141 143 
2 127 142 
